cfgType: "502"
calibrationDate: "Thu Mar 23 14:03:00 2022\n"
cfgDate: "Thu Sep 23 15:45:00 2022\n"

camera_nav_left:
  width: 2048
  height: 2048
  pixelsize: 5.5 #um
  focal: 1.203060464572453e+01 #mm
  cx: 1.332295764293103e-01
  cy: 1.286185433205565e-01
    #k1=7.789159224843352e-04
    #k2=-4.653333944626642e-06
    #k3=3.316410627864032e-09
    #p1=4.196939705307657e-07
    #p2=-4.012908133187862e-06
    #ap1=2.700630230735500e-05
    #ap2=-4.991578604047260e-05

camera_nav_right:
  width: 2048
  height: 2048
  pixelsize: 5.5 #um
  focal: 1.199474543216668e+01 #mm
  cx: -5.580608917044515e-02
  cy: 8.590952557424720e-03
    #k1=7.799440408275318e-04
    #k2=-4.225808376815521e-06
    #k3=-5.703591868686870e-09
    #p1=6.746917383459923e-06
    #p2=2.344513466466600e-05
    #ap1=1.038385271994285e-06
    #ap2=3.436458193566251e-06

camera_multispec:
  width: 2448
  height: 2048
  pixelsize: 3.45 #um
  focal: 2.550327228299943e+001
  cx: -7.746056920587396e-002
  cy: -1.287784511321618e-001
    #k1=1.038022555955982e-004
    #k2=-1.809891899946719e-006
    #k3=-5.942512143143680e-009
    #p1=-3.807435507691973e-005
    #p2=1.688324794362851e-005
    #ap1=3.339684798478210e-004
    #ap2=2.365155766875506e-005

camera_ir:
  width: 640
  height: 512
  pixelsize: 17 #um
  focal: 2.503264611573095e+001
  cx: -3.168305799717894e-002
  cy: 8.479798118499936e-002
    #k1=1.594746969141753e-004
    #k2=4.556087275950640e-006
    #k3=-7.592212024427081e-008
    #p1=2.266735667841492e-005
    #p2=3.527115119599779e-005
    #ap1=2.012982050995528e-004
    #ap2=6.803949675310254e-004

camera_tof:
  width: 640
  height: 480
  pixelsize: 30 #um
  focal: 5.073025153416439e+00
  cx: -2.573684300824215e-02
  cy: 6.288245069373263e-02
    #k1=2.037155036242176e-04
    #k2=-5.179739456978396e-05
    #k3=4.246754191760727e-06
    #p1=1.238931626670368e-04
    #p2=-1.627164128269860e-04
    #ap1=-1.318207438124763e-04
    #ap2=3.376696639770487e-05

# [x,y,z,rx,ry,rz] [m,deg]
transform_base_tof:
  data: [826.5642, 208.6164, -1504.6762, 93.24462, 86.75414, 356.75762]

transform_base_nav_left:
  data: [810.075, -163.648, -1500.436, 104.31991, 87.64049, 345.63632]

transform_base_nav_right:
  data: [825.63, 102.075, -1499.311, 96.73329, 86.46049, 353.36796]

transform_base_multispec:
  data: [913.556, -64.616, -1473.012, 94.10727, 86.8559, 356.81098]

transform_base_ir:
  data: [740.791, 30.604, -1509.851, 82.45641, 86.17156, 7.53497]

rectify_enable: 0
cuda_enable: 1

stereo_left: 
  width: 2048
  height: 2048
  pixelsize: 5.5
  pos_mat: #!!opencv-matrix
    rows: 3
    cols: 1
    dt: d
    data: [810.075,  -163.648, -1500.436]
  angle_mat: #!!opencv-matrix
    rows: 3
    cols: 1
    dt: d
    data: [104.3199,  87.64, 345.636]
  camera_mat: #!!opencv-matrix
    rows: 3
    cols: 3
    dt: d
    data: [1.203344996148585e+01, 0.00000000e+00, 1.467769167173074e-01, 0.00000000e+00, 1.203344996148585e+01, 1.432311636110368e-01, 0.00000000e+00, 0.00000000e+00, 1.00000000e+00]
  dist_coeffs: #!!opencv-matrix
    rows: 1
    cols: 5
    dt: d
    data: [7.609094824347346e-04,  -4.190093620860245e-06, 1.765936751102495e-06,  -1.759053420979911e-06, -2.351873458090002e-09]

stereo_right: 
  width: 2048
  height: 2048
  pixelsize: 5.5
  pos_mat: #!!opencv-matrix
    rows: 3
    cols: 1
    dt: d
    data: [0., 0., 0.]
  angle_mat: #!!opencv-matrix
    rows: 3
    cols: 1
    dt: d
    data: [0., 0., 0.]
  camera_mat: #!!opencv-matrix
    rows: 3
    cols: 3
    dt: d
    data: [1.198034499126298e+01, 0.00000000e+00, -7.195258253184986e-02, 0.00000000e+00, 1.198034499126298e+01, 1.629943327234929e-02, 0.00000000e+00, 0.00000000e+00, 1.00000000e+00]
  dist_coeffs: #!!opencv-matrix
    rows: 1
    cols: 5
    dt: d
    data: [7.857776018675597e-04,  -4.262924430389839e-06,  1.393024867162893e-05, 1.293073439910963e-05, -8.299480899682821e-09]

# left to right
stereo_common:
  load_mode: 0
  r_mat: #!!opencv-matrix
    rows: 3
    cols: 3
    dt: d
    data: [0.99977963,  0.00230417,  0.02086573, -0.00224387,  0.99999324, -0.00291315, -0.0208723,   0.00286569,  0.99977804]
  t_mat: #!!opencv-matrix
    rows: 3
    cols: 1
    dt: d
    data: [-0.2694588 ,-0.00130101, 0.00413672]

tof: 
  #load_mode: 0,using left_to_tof; 1, using r,t to calculate
  load_mode: 0
  pos_mat: #!!opencv-matrix
    rows: 3
    cols: 1
    dt: d
    data: [816.564,  210.616, -1504.676]
  angle_mat: #!!opencv-matrix
    rows: 3
    cols: 1
    dt: d
    data: [104.24462,  87.75414, 345.75762]
  angle_mat_by_hand1: #!!opencv-matrix
    rows: 1
    cols: 3
    dt: d
    data: [0.0, 0.0, 0.0]
  angle_mat_by_hand2: #!!opencv-matrix
    rows: 1
    cols: 3
    dt: d
    data: [0.0, 0.0, 0.0]
  left_to_tof: #!!opencv-matrix
    rows: 4
    cols: 4
    dt: d
    data: [9.9984877e-01, -0.00347314, -0.01704041, 0.38493676, 
           0.00337828, 9.9997865e-1, -0.00559265, -0.02199813, 
           0.01705947, 0.00553424, 9.9983916e-01, 0.01267082, 
           0,0,0,1.0]


lidar: 
  #load_mode: 0,using left_to_lidar; 1, using r,t to calculate
  load_mode: 1
  pos_mat: #!!opencv-matrix
    rows: 3
    cols: 1
    dt: d
    data: [866.392,  140.251, -583.404]
  angle_mat: #!!opencv-matrix
    rows: 3
    cols: 1
    dt: d
    data: [178.78793,  33.85883, 91.7067]
  angle_mat_by_hand1: #!!opencv-matrix
    rows: 1
    cols: 3
    dt: d
    data: [0.0, 0.0, 0.0]
  angle_mat_by_hand2: #!!opencv-matrix
    rows: 1
    cols: 3
    dt: d
    data: [0.0, 0.0, 0.0]
  left_to_lidar: #!!opencv-matrix
    rows: 4
    cols: 4
    dt: d
    data: [-0.999641079776806, -0.021959157143736, 0.015346238633560,  0.127172189903261, 
           -0.008951663603707, -0.266119709956617, -0.963898421874075, -0.032615287938775, 
           0.025250333490620,  -0.963689833603189, 0.265827623223151,  -0.111860522294712, 
           0,                  0,                    0,                 1.000000000000000]
